n_tribes,n_heaps,vision_radius,trade_percentage,spice_movement_bias,tribe_movement_bias,spice_threshold,result
2.120030652731657,4.66922414675355,11.480545506812632,0.3938064044341445,0.7623621012084185,0.17648106440901756,0.591533437371254,0.0
3.9756606202572584,4.66922414675355,11.480545506812632,0.3938064044341445,0.7623621012084185,0.17648106440901756,0.591533437371254,0.0
2.120030652731657,3.958973841741681,11.480545506812632,0.3938064044341445,0.7623621012084185,0.17648106440901756,0.591533437371254,0.0
2.120030652731657,4.66922414675355,10.415189049206674,0.3938064044341445,0.7623621012084185,0.17648106440901756,0.591533437371254,0.0
2.120030652731657,4.66922414675355,11.480545506812632,0.39851864520460367,0.7623621012084185,0.17648106440901756,0.591533437371254,0.0
2.120030652731657,4.66922414675355,11.480545506812632,0.3938064044341445,0.4146933767944574,0.17648106440901756,0.591533437371254,0.0
2.120030652731657,4.66922414675355,11.480545506812632,0.3938064044341445,0.7623621012084185,0.40889822598546743,0.591533437371254,0.0
2.120030652731657,4.66922414675355,11.480545506812632,0.3938064044341445,0.7623621012084185,0.17648106440901756,0.252480710297823,0.0
3.9756606202572584,3.958973841741681,10.415189049206674,0.39851864520460367,0.4146933767944574,0.40889822598546743,0.252480710297823,0.0
3.5188830494880676,8.59593825507909,2.233008553273976,0.9395499201491475,0.30752007430419326,0.4614650970324874,0.3223614871501923,0.0
2.3802139814943075,8.59593825507909,2.233008553273976,0.9395499201491475,0.30752007430419326,0.4614650970324874,0.3223614871501923,0.0
3.5188830494880676,8.021746262907982,2.233008553273976,0.9395499201491475,0.30752007430419326,0.4614650970324874,0.3223614871501923,0.0
3.5188830494880676,8.59593825507909,2.9282286502420902,0.9395499201491475,0.30752007430419326,0.4614650970324874,0.3223614871501923,0.0
3.5188830494880676,8.59593825507909,2.233008553273976,0.8815225604921579,0.30752007430419326,0.4614650970324874,0.3223614871501923,0.0
3.5188830494880676,8.59593825507909,2.233008553273976,0.9395499201491475,0.7225377428345382,0.4614650970324874,0.3223614871501923,0.0
3.5188830494880676,8.59593825507909,2.233008553273976,0.9395499201491475,0.30752007430419326,0.0235051023773849,0.3223614871501923,0.0
3.5188830494880676,8.59593825507909,2.233008553273976,0.9395499201491475,0.30752007430419326,0.4614650970324874,0.7702693700790406,0.0
2.3802139814943075,8.021746262907982,2.9282286502420902,0.8815225604921579,0.7225377428345382,0.0235051023773849,0.7702693700790406,0.0
3.3904217556118965,1.4096590215340257,9.544461788609624,0.04428013227880001,0.5328431103378534,0.3553626905195415,0.6645502850413323,0.0
2.940303087234497,1.4096590215340257,9.544461788609624,0.04428013227880001,0.5328431103378534,0.3553626905195415,0.6645502850413323,0.0
3.3904217556118965,6.855102453380823,9.544461788609624,0.04428013227880001,0.5328431103378534,0.3553626905195415,0.6645502850413323,0.0
3.3904217556118965,1.4096590215340257,6.5555085288360715,0.04428013227880001,0.5328431103378534,0.3553626905195415,0.6645502850413323,0.0
3.3904217556118965,1.4096590215340257,9.544461788609624,0.731597219593823,0.5328431103378534,0.3553626905195415,0.6645502850413323,0.0
3.3904217556118965,1.4096590215340257,9.544461788609624,0.04428013227880001,0.8265487240627407,0.3553626905195415,0.6645502850413323,0.0
3.3904217556118965,1.4096590215340257,9.544461788609624,0.04428013227880001,0.5328431103378534,0.28305184468626976,0.6645502850413323,0.0
3.3904217556118965,1.4096590215340257,9.544461788609624,0.04428013227880001,0.5328431103378534,0.3553626905195415,0.1269112080335617,0.0
2.940303087234497,6.855102453380823,6.5555085288360715,0.731597219593823,0.8265487240627407,0.28305184468626976,0.1269112080335617,0.0
2.9750594533979893,7.608086131513119,7.085742039605975,0.621152501553297,0.997103227674961,0.007663961965590715,0.046219094097614294,0.0
3.406843475997448,7.608086131513119,7.085742039605975,0.621152501553297,0.997103227674961,0.007663961965590715,0.046219094097614294,0.0
2.9750594533979893,2.8671022411435843,7.085742039605975,0.621152501553297,0.997103227674961,0.007663961965590715,0.046219094097614294,0.0
2.9750594533979893,7.608086131513119,10.090037586167455,0.621152501553297,0.997103227674961,0.007663961965590715,0.046219094097614294,0.0
2.9750594533979893,7.608086131513119,7.085742039605975,0.23791239224374294,0.997103227674961,0.007663961965590715,0.046219094097614294,0.0
2.9750594533979893,7.608086131513119,7.085742039605975,0.621152501553297,0.6169113696552813,0.007663961965590715,0.046219094097614294,0.0
2.9750594533979893,7.608086131513119,7.085742039605975,0.621152501553297,0.997103227674961,0.15185487316921353,0.046219094097614294,0.0
2.9750594533979893,7.608086131513119,7.085742039605975,0.621152501553297,0.997103227674961,0.007663961965590715,0.4442855454981327,0.0
3.406843475997448,2.8671022411435843,10.090037586167455,0.23791239224374294,0.6169113696552813,0.15185487316921353,0.4442855454981327,0.0
2.5673501305282116,3.1515825763344765,3.9962694253772497,0.7436411352828145,0.8688934536650776,0.20553222252056003,0.7275616556406022,0.0
2.722063522785902,3.1515825763344765,3.9962694253772497,0.7436411352828145,0.8688934536650776,0.20553222252056003,0.7275616556406022,0.0
2.5673501305282116,6.144458902999759,3.9962694253772497,0.7436411352828145,0.8688934536650776,0.20553222252056003,0.7275616556406022,0.0
2.5673501305282116,3.1515825763344765,3.5044455332681537,0.7436411352828145,0.8688934536650776,0.20553222252056003,0.7275616556406022,0.0
2.5673501305282116,3.1515825763344765,3.9962694253772497,0.6054147388786077,0.8688934536650776,0.20553222252056003,0.7275616556406022,0.0
2.5673501305282116,3.1515825763344765,3.9962694253772497,0.7436411352828145,0.5304785839281976,0.20553222252056003,0.7275616556406022,0.0
2.5673501305282116,3.1515825763344765,3.9962694253772497,0.7436411352828145,0.8688934536650776,0.3386538624763489,0.7275616556406022,0.0
2.5673501305282116,3.1515825763344765,3.9962694253772497,0.7436411352828145,0.8688934536650776,0.20553222252056003,0.6140579491853715,0.0
2.722063522785902,6.144458902999759,3.5044455332681537,0.6054147388786077,0.5304785839281976,0.3386538624763489,0.6140579491853715,0.0
3.044220596551895,5.970600017346442,12.644508743658662,0.1642062133178115,0.6386650456115603,0.4358299416489899,0.15854992270469667,0.0
3.1261057443916798,5.970600017346442,12.644508743658662,0.1642062133178115,0.6386650456115603,0.4358299416489899,0.15854992270469667,0.0
3.044220596551895,1.0621514432132244,12.644508743658662,0.1642062133178115,0.6386650456115603,0.4358299416489899,0.15854992270469667,0.0
3.044220596551895,5.970600017346442,12.538282386958599,0.1642062133178115,0.6386650456115603,0.4358299416489899,0.15854992270469667,0.0
3.044220596551895,5.970600017346442,12.644508743658662,0.11453740764409304,0.6386650456115603,0.4358299416489899,0.15854992270469667,0.0
3.044220596551895,5.970600017346442,12.644508743658662,0.1642062133178115,0.9322899796068669,0.4358299416489899,0.15854992270469667,0.0
3.044220596551895,5.970600017346442,12.644508743658662,0.1642062133178115,0.6386650456115603,0.2191757527180016,0.15854992270469667,0.0
3.044220596551895,5.970600017346442,12.644508743658662,0.1642062133178115,0.6386650456115603,0.4358299416489899,0.30870281830430035,0.0
3.1261057443916798,1.0621514432132244,12.538282386958599,0.11453740764409304,0.9322899796068669,0.2191757527180016,0.30870281830430035,0.0
3.923662282526493,4.332451020367444,6.007295456714928,0.8197449259459972,0.42097110087051987,0.26283371821045876,0.4038608118891716,0.0
3.6940073538571596,4.332451020367444,6.007295456714928,0.8197449259459972,0.42097110087051987,0.26283371821045876,0.4038608118891716,0.0
3.923662282526493,4.408761166036129,6.007295456714928,0.8197449259459972,0.42097110087051987,0.26283371821045876,0.4038608118891716,0.0
3.923662282526493,4.332451020367444,7.967280023731291,0.8197449259459972,0.42097110087051987,0.26283371821045876,0.4038608118891716,0.0
3.923662282526493,4.332451020367444,6.007295456714928,0.280041703954339,0.42097110087051987,0.26283371821045876,0.4038608118891716,0.0
3.923662282526493,4.332451020367444,6.007295456714928,0.8197449259459972,0.8172563855536281,0.26283371821045876,0.4038608118891716,0.0
3.923662282526493,4.332451020367444,6.007295456714928,0.8197449259459972,0.42097110087051987,0.46254904102534056,0.4038608118891716,0.0
3.923662282526493,4.332451020367444,6.007295456714928,0.8197449259459972,0.42097110087051987,0.26283371821045876,0.5879886694252491,0.0
3.6940073538571596,4.408761166036129,7.967280023731291,0.280041703954339,0.8172563855536281,0.46254904102534056,0.5879886694252491,0.0
2.461348567157984,9.388574529439211,7.695684262551367,0.2716811504215002,0.6716405485756696,0.09482368733733892,0.2853755071759224,0.0
2.161058882251382,9.388574529439211,7.695684262551367,0.2716811504215002,0.6716405485756696,0.09482368733733892,0.2853755071759224,0.0
2.461348567157984,9.55691390670836,7.695684262551367,0.2716811504215002,0.6716405485756696,0.09482368733733892,0.2853755071759224,0.0
2.461348567157984,9.388574529439211,5.979627093300223,0.2716811504215002,0.6716405485756696,0.09482368733733892,0.2853755071759224,0.0
2.461348567157984,9.388574529439211,7.695684262551367,0.7504724944010377,0.6716405485756696,0.09482368733733892,0.2853755071759224,0.0
2.461348567157984,9.388574529439211,7.695684262551367,0.2716811504215002,0.33928387667983767,0.09482368733733892,0.2853755071759224,0.0
2.461348567157984,9.388574529439211,7.695684262551367,0.2716811504215002,0.6716405485756696,0.09668724937364459,0.2853755071759224,0.0
2.461348567157984,9.388574529439211,7.695684262551367,0.2716811504215002,0.6716405485756696,0.09482368733733892,0.08319434523582458,0.0
2.161058882251382,9.55691390670836,5.979627093300223,0.7504724944010377,0.33928387667983767,0.09668724937364459,0.08319434523582458,0.0
2.3264022171497345,2.0236394638195634,4.792124353349209,0.23559803795069456,0.36329647488892075,0.04067892115563154,0.7663701854646207,0.0
2.5507314670830965,2.0236394638195634,4.792124353349209,0.23559803795069456,0.36329647488892075,0.04067892115563154,0.7663701854646207,0.0
2.3264022171497345,5.887114375829697,4.792124353349209,0.23559803795069456,0.36329647488892075,0.04067892115563154,0.7663701854646207,0.0
2.3264022171497345,2.0236394638195634,9.403881332837045,0.23559803795069456,0.36329647488892075,0.04067892115563154,0.7663701854646207,0.0
2.3264022171497345,2.0236394638195634,4.792124353349209,0.8569830432534218,0.36329647488892075,0.04067892115563154,0.7663701854646207,0.0
2.3264022171497345,2.0236394638195634,4.792124353349209,0.23559803795069456,0.43770921239629385,0.04067892115563154,0.7663701854646207,0.0
2.3264022171497345,2.0236394638195634,4.792124353349209,0.23559803795069456,0.36329647488892075,0.19753008848056197,0.7663701854646207,0.0
2.3264022171497345,2.0236394638195634,4.792124353349209,0.23559803795069456,0.36329647488892075,0.04067892115563154,0.5014697566628457,0.0
2.5507314670830965,5.887114375829697,9.403881332837045,0.8569830432534218,0.43770921239629385,0.19753008848056197,0.5014697566628457,0.0
3.788586240261793,7.092535249888897,8.583217602223158,0.6563424924388528,0.8166511356830597,0.31797220557928085,0.14786046072840692,0.0
3.0798022840172052,7.092535249888897,8.583217602223158,0.6563424924388528,0.8166511356830597,0.31797220557928085,0.14786046072840692,0.0
3.788586240261793,1.863901587203145,8.583217602223158,0.6563424924388528,0.8166511356830597,0.31797220557928085,0.14786046072840692,0.0
3.788586240261793,7.092535249888897,7.24435356631875,0.6563424924388528,0.8166511356830597,0.31797220557928085,0.14786046072840692,0.0
3.788586240261793,7.092535249888897,8.583217602223158,0.36250464152544737,0.8166511356830597,0.31797220557928085,0.14786046072840692,0.0
3.788586240261793,7.092535249888897,8.583217602223158,0.6563424924388528,0.6531870709732175,0.31797220557928085,0.14786046072840692,0.0
3.788586240261793,7.092535249888897,8.583217602223158,0.6563424924388528,0.8166511356830597,0.36024040076881647,0.14786046072840692,0.0
3.788586240261793,7.092535249888897,8.583217602223158,0.6563424924388528,0.8166511356830597,0.31797220557928085,0.02127880081534386,0.0
3.0798022840172052,1.863901587203145,7.24435356631875,0.36250464152544737,0.6531870709732175,0.36024040076881647,0.02127880081534386,0.0
3.1827375032007694,5.461080107837915,4.225844948552549,0.3274789694696665,0.9428048471920192,0.4911689390428364,0.49004618600010874,0.0
3.5217273347079754,5.461080107837915,4.225844948552549,0.3274789694696665,0.9428048471920192,0.4911689390428364,0.49004618600010874,0.0
3.1827375032007694,5.276424249634147,4.225844948552549,0.3274789694696665,0.9428048471920192,0.4911689390428364,0.49004618600010874,0.0
3.1827375032007694,5.461080107837915,2.2393836127594113,0.3274789694696665,0.9428048471920192,0.4911689390428364,0.49004618600010874,0.0
3.1827375032007694,5.461080107837915,4.225844948552549,0.02416374161839485,0.9428048471920192,0.4911689390428364,0.49004618600010874,0.0
3.1827375032007694,5.461080107837915,4.225844948552549,0.3274789694696665,0.8994870114140212,0.4911689390428364,0.49004618600010874,0.0
3.1827375032007694,5.461080107837915,4.225844948552549,0.3274789694696665,0.9428048471920192,0.0714538604952395,0.49004618600010874,0.0
3.1827375032007694,5.461080107837915,4.225844948552549,0.3274789694696665,0.9428048471920192,0.4911689390428364,0.6755836360156536,0.0
3.5217273347079754,5.276424249634147,2.2393836127594113,0.02416374161839485,0.8994870114140212,0.0714538604952395,0.6755836360156536,0.0
2.7056915536522865,8.267051954753697,12.055070902220905,0.7793503701686859,0.4770787260495126,0.15116024343296885,0.2210588611662388,0.0
2.1137502677738667,8.267051954753697,12.055070902220905,0.7793503701686859,0.4770787260495126,0.15116024343296885,0.2210588611662388,0.0
2.7056915536522865,9.23365442827344,12.055070902220905,0.7793503701686859,0.4770787260495126,0.15116024343296885,0.2210588611662388,0.0
2.7056915536522865,8.267051954753697,11.101345302537084,0.7793503701686859,0.4770787260495126,0.15116024343296885,0.2210588611662388,0.0
2.7056915536522865,8.267051954753697,12.055070902220905,0.5058860396966338,0.4770787260495126,0.15116024343296885,0.2210588611662388,0.0
2.7056915536522865,8.267051954753697,12.055070902220905,0.7793503701686859,0.5851809654384852,0.15116024343296885,0.2210588611662388,0.0
2.7056915536522865,8.267051954753697,12.055070902220905,0.7793503701686859,0.4770787260495126,0.4878415558487177,0.2210588611662388,0.0
2.7056915536522865,8.267051954753697,12.055070902220905,0.7793503701686859,0.4770787260495126,0.15116024343296885,0.39561159461736684,0.0
2.1137502677738667,9.23365442827344,11.101345302537084,0.5058860396966338,0.5851809654384852,0.4878415558487177,0.39561159461736684,0.0
2.859506070613861,3.5467400001361966,9.65595709066838,0.9018418649211526,0.6014565088786185,0.07754430221393704,0.5020351968705654,0.0
3.8042220771312714,3.5467400001361966,9.65595709066838,0.9018418649211526,0.6014565088786185,0.07754430221393704,0.5020351968705654,0.0
2.859506070613861,3.7241592667996883,9.65595709066838,0.9018418649211526,0.6014565088786185,0.07754430221393704,0.5020351968705654,0.0
2.859506070613861,3.5467400001361966,5.290785293094814,0.9018418649211526,0.6014565088786185,0.07754430221393704,0.5020351968705654,0.0
2.859506070613861,3.5467400001361966,9.65595709066838,0.1546951001510024,0.6014565088786185,0.07754430221393704,0.5020351968705654,0.0
2.859506070613861,3.5467400001361966,9.65595709066838,0.9018418649211526,0.5184857001528144,0.07754430221393704,0.5020351968705654,0.0
2.859506070613861,3.5467400001361966,9.65595709066838,0.9018418649211526,0.6014565088786185,0.04905487084761262,0.5020351968705654,0.0
2.859506070613861,3.5467400001361966,9.65595709066838,0.9018418649211526,0.6014565088786185,0.07754430221393704,0.16500243470072748,0.0
3.8042220771312714,3.7241592667996883,5.290785293094814,0.1546951001510024,0.5184857001528144,0.04905487084761262,0.16500243470072748,0.0
3.2750133387744427,9.723332185298204,6.635868794284761,0.44740600418299437,0.8411564131267368,0.2845267611555755,0.383728414028883,0.0
2.3337430581450462,9.723332185298204,6.635868794284761,0.44740600418299437,0.8411564131267368,0.2845267611555755,0.383728414028883,0.0
3.2750133387744427,8.837219594046474,6.635868794284761,0.44740600418299437,0.8411564131267368,0.2845267611555755,0.383728414028883,0.0
3.2750133387744427,9.723332185298204,8.65343951433897,0.44740600418299437,0.8411564131267368,0.2845267611555755,0.383728414028883,0.0
3.2750133387744427,9.723332185298204,6.635868794284761,0.6257971562445164,0.8411564131267368,0.2845267611555755,0.383728414028883,0.0
3.2750133387744427,9.723332185298204,6.635868794284761,0.44740600418299437,0.9906177048571407,0.2845267611555755,0.383728414028883,0.0
3.2750133387744427,9.723332185298204,6.635868794284761,0.44740600418299437,0.8411564131267368,0.3834113981574774,0.383728414028883,0.0
3.2750133387744427,9.723332185298204,6.635868794284761,0.44740600418299437,0.8411564131267368,0.2845267611555755,0.45775986164808274,0.0
2.3337430581450462,8.837219594046474,8.65343951433897,0.6257971562445164,0.9906177048571407,0.3834113981574774,0.45775986164808274,0.0
3.629889313131571,2.530632145702839,10.297517124563456,0.5365384519100189,0.699389605410397,0.390825386159122,0.6290424294769764,0.0
2.7678556125611067,2.530632145702839,10.297517124563456,0.5365384519100189,0.699389605410397,0.390825386159122,0.6290424294769764,0.0
3.629889313131571,7.745280334725976,10.297517124563456,0.5365384519100189,0.699389605410397,0.390825386159122,0.6290424294769764,0.0
3.629889313131571,2.530632145702839,11.85212289635092,0.5365384519100189,0.699389605410397,0.390825386159122,0.6290424294769764,0.0
3.629889313131571,2.530632145702839,10.297517124563456,0.9798391414806247,0.699389605410397,0.390825386159122,0.6290424294769764,0.0
3.629889313131571,2.530632145702839,10.297517124563456,0.5365384519100189,0.7553410448133945,0.390825386159122,0.6290424294769764,0.0
3.629889313131571,2.530632145702839,10.297517124563456,0.5365384519100189,0.699389605410397,0.1731760515831411,0.6290424294769764,0.0
3.629889313131571,2.530632145702839,10.297517124563456,0.5365384519100189,0.699389605410397,0.390825386159122,0.23939625769853592,0.0
2.7678556125611067,7.745280334725976,11.85212289635092,0.9798391414806247,0.7553410448133945,0.1731760515831411,0.23939625769853592,0.0
2.231197126209736,6.478907325305045,3.0669147968292236,0.11347564496099949,0.45817029159516093,0.24613085389137268,0.059846059232950215,0.0
3.359428381547332,6.478907325305045,3.0669147968292236,0.11347564496099949,0.45817029159516093,0.24613085389137268,0.059846059232950215,0.0
2.231197126209736,2.5575851276516914,3.0669147968292236,0.11347564496099949,0.45817029159516093,0.24613085389137268,0.059846059232950215,0.0
2.231197126209736,6.478907325305045,4.193287333473563,0.11347564496099949,0.45817029159516093,0.24613085389137268,0.059846059232950215,0.0
2.231197126209736,6.478907325305045,3.0669147968292236,0.49012159556150436,0.45817029159516093,0.24613085389137268,0.059846059232950215,0.0
2.231197126209736,6.478907325305045,3.0669147968292236,0.11347564496099949,0.3599913290701806,0.24613085389137268,0.059846059232950215,0.0
2.231197126209736,6.478907325305045,3.0669147968292236,0.11347564496099949,0.45817029159516093,0.26166772563010454,0.059846059232950215,0.0
2.231197126209736,6.478907325305045,3.0669147968292236,0.11347564496099949,0.45817029159516093,0.24613085389137268,0.7317882858216763,0.0
3.359428381547332,2.5575851276516914,4.193287333473563,0.49012159556150436,0.3599913290701806,0.26166772563010454,0.7317882858216763,0.0
2.1464150808751583,2.366967724636197,8.39836057741195,0.8622796013951302,0.9702127629891037,0.3111660503782332,0.33579209297895435,0.0
2.8294495344161987,2.366967724636197,8.39836057741195,0.8622796013951302,0.9702127629891037,0.3111660503782332,0.33579209297895435,0.0
2.1464150808751583,1.71987768355757,8.39836057741195,0.8622796013951302,0.9702127629891037,0.3111660503782332,0.33579209297895435,0.0
2.1464150808751583,2.366967724636197,12.885449865832925,0.8622796013951302,0.9702127629891037,0.3111660503782332,0.33579209297895435,0.0
2.1464150808751583,2.366967724636197,8.39836057741195,0.43789101485162973,0.9702127629891037,0.3111660503782332,0.33579209297895435,0.0
2.1464150808751583,2.366967724636197,8.39836057741195,0.8622796013951302,0.5600275876931846,0.3111660503782332,0.33579209297895435,0.0
2.1464150808751583,2.366967724636197,8.39836057741195,0.8622796013951302,0.9702127629891037,0.12321124132722616,0.33579209297895435,0.0
2.1464150808751583,2.366967724636197,8.39836057741195,0.8622796013951302,0.9702127629891037,0.3111660503782332,0.6265354953706265,0.0
2.8294495344161987,1.71987768355757,12.885449865832925,0.43789101485162973,0.5600275876931846,0.12321124132722616,0.6265354953706265,0.0
3.7464087158441544,6.297660085372627,5.315162011422217,0.2847969401627779,0.559216876886785,0.08068629493936896,0.5534381702542305,0.0
3.299920968711376,6.297660085372627,5.315162011422217,0.2847969401627779,0.559216876886785,0.08068629493936896,0.5534381702542305,0.0
3.7464087158441544,5.778178091160953,5.315162011422217,0.2847969401627779,0.559216876886785,0.08068629493936896,0.5534381702542305,0.0
3.7464087158441544,6.297660085372627,3.8516182573512197,0.2847969401627779,0.559216876886785,0.08068629493936896,0.5534381702542305,0.0
3.7464087158441544,6.297660085372627,5.315162011422217,0.9676441643387079,0.559216876886785,0.08068629493936896,0.5534381702542305,0.0
3.7464087158441544,6.297660085372627,5.315162011422217,0.2847969401627779,0.9464913357049227,0.08068629493936896,0.5534381702542305,0.0
3.7464087158441544,6.297660085372627,5.315162011422217,0.2847969401627779,0.559216876886785,0.44194259820505977,0.5534381702542305,0.0
3.7464087158441544,6.297660085372627,5.315162011422217,0.2847969401627779,0.559216876886785,0.08068629493936896,0.3462222293019295,0.0
3.299920968711376,5.778178091160953,3.8516182573512197,0.9676441643387079,0.9464913357049227,0.44194259820505977,0.3462222293019295,0.0
3.344536744058132,3.4291494926437736,11.963306149467826,0.700131737627089,0.32507922509685155,0.2206461662426591,0.008124175667762757,0.0
3.8638553004711866,3.4291494926437736,11.963306149467826,0.700131737627089,0.32507922509685155,0.2206461662426591,0.008124175667762757,0.0
3.344536744058132,9.115723087452352,11.963306149467826,0.700131737627089,0.32507922509685155,0.2206461662426591,0.008124175667762757,0.0
3.344536744058132,3.4291494926437736,5.6324180625379086,0.700131737627089,0.32507922509685155,0.2206461662426591,0.008124175667762757,0.0
3.344536744058132,3.4291494926437736,11.963306149467826,0.6770785944536328,0.32507922509685155,0.2206461662426591,0.008124175667762757,0.0
3.344536744058132,3.4291494926437736,11.963306149467826,0.700131737627089,0.7989548281766474,0.2206461662426591,0.008124175667762757,0.0
3.344536744058132,3.4291494926437736,11.963306149467826,0.700131737627089,0.32507922509685155,0.2473352961242199,0.008124175667762757,0.0
3.344536744058132,3.4291494926437736,11.963306149467826,0.700131737627089,0.32507922509685155,0.2206461662426591,0.550517325103283,0.0
3.8638553004711866,9.115723087452352,5.6324180625379086,0.6770785944536328,0.7989548281766474,0.2473352961242199,0.550517325103283,0.0
2.7592219300568104,9.623315108940005,4.666908169165254,0.15402207057923079,0.7456641209311783,0.3884741682559252,0.6779812514781952,0.0
2.272290116176009,9.623315108940005,4.666908169165254,0.15402207057923079,0.7456641209311783,0.3884741682559252,0.6779812514781952,0.0
2.7592219300568104,5.123267960734665,4.666908169165254,0.15402207057923079,0.7456641209311783,0.3884741682559252,0.6779812514781952,0.0
2.7592219300568104,9.623315108940005,7.620065747760236,0.15402207057923079,0.7456641209311783,0.3884741682559252,0.6779812514781952,0.0
2.7592219300568104,9.623315108940005,4.666908169165254,0.1678945329040289,0.7456641209311783,0.3884741682559252,0.6779812514781952,0.0
2.7592219300568104,9.623315108940005,4.666908169165254,0.15402207057923079,0.31383512634783983,0.3884741682559252,0.6779812514781952,0.0
2.7592219300568104,9.623315108940005,4.666908169165254,0.15402207057923079,0.7456641209311783,0.3202017699368298,0.6779812514781952,0.0
2.7592219300568104,9.623315108940005,4.666908169165254,0.15402207057923079,0.7456641209311783,0.3884741682559252,0.07066873833537102,0.0
2.272290116176009,5.123267960734665,7.620065747760236,0.1678945329040289,0.31383512634783983,0.3202017699368298,0.07066873833537102,0.0
2.6679226718842983,5.06230947189033,6.393292488530278,0.024191366508603096,0.6828337299637497,0.33631196711212397,0.1966753050684929,0.0
3.583176450803876,5.06230947189033,6.393292488530278,0.024191366508603096,0.6828337299637497,0.33631196711212397,0.1966753050684929,0.0
2.6679226718842983,8.383861889131367,6.393292488530278,0.024191366508603096,0.6828337299637497,0.33631196711212397,0.1966753050684929,0.0
2.6679226718842983,5.06230947189033,3.2700301986187696,0.024191366508603096,0.6828337299637497,0.33631196711212397,0.1966753050684929,0.0
2.6679226718842983,5.06230947189033,6.393292488530278,0.5503008719533682,0.6828337299637497,0.33631196711212397,0.1966753050684929,0.0
2.6679226718842983,5.06230947189033,6.393292488530278,0.024191366508603096,0.3947149984538555,0.33631196711212397,0.1966753050684929,0.0
2.6679226718842983,5.06230947189033,6.393292488530278,0.024191366508603096,0.6828337299637497,0.1311844140291214,0.1966753050684929,0.0
2.6679226718842983,5.06230947189033,6.393292488530278,0.024191366508603096,0.6828337299637497,0.33631196711212397,0.28995749801397325,0.0
3.583176450803876,8.383861889131367,3.2700301986187696,0.5503008719533682,0.3947149984538555,0.1311844140291214,0.28995749801397325,0.0
3.1897456496953964,7.885854481719434,10.247496170923114,0.5718888714909554,0.40893010040745137,0.05114399828016758,0.7140879228711129,0.0
2.0541132483631372,7.885854481719434,10.247496170923114,0.5718888714909554,0.40893010040745137,0.05114399828016758,0.7140879228711129,0.0
3.1897456496953964,3.306026509962976,10.247496170923114,0.5718888714909554,0.40893010040745137,0.05114399828016758,0.7140879228711129,0.0
3.1897456496953964,7.885854481719434,10.756985352374613,0.5718888714909554,0.40893010040745137,0.05114399828016758,0.7140879228711129,0.0
3.1897456496953964,7.885854481719434,10.247496170923114,0.04416868556290865,0.40893010040745137,0.05114399828016758,0.7140879228711129,0.0
3.1897456496953964,7.885854481719434,10.247496170923114,0.5718888714909554,0.6987663871608674,0.05114399828016758,0.7140879228711129,0.0
3.1897456496953964,7.885854481719434,10.247496170923114,0.5718888714909554,0.40893010040745137,0.3095196899957955,0.7140879228711129,0.0
3.1897456496953964,7.885854481719434,10.247496170923114,0.5718888714909554,0.40893010040745137,0.05114399828016758,0.7827895514667035,0.0
2.0541132483631372,3.306026509962976,10.756985352374613,0.04416868556290865,0.6987663871608674,0.3095196899957955,0.7827895514667035,0.0
3.842590384185314,1.578657585196197,2.903963075019419,0.4129167525097728,0.6067757990211249,0.1320244618691504,0.2719022184610367,0.0
2.6102350763976574,1.578657585196197,2.903963075019419,0.4129167525097728,0.6067757990211249,0.1320244618691504,0.2719022184610367,0.0
3.842590384185314,2.147898110561073,2.903963075019419,0.4129167525097728,0.6067757990211249,0.1320244618691504,0.2719022184610367,0.0
3.842590384185314,1.578657585196197,9.748194321990013,0.4129167525097728,0.6067757990211249,0.1320244618691504,0.2719022184610367,0.0
3.842590384185314,1.578657585196197,2.903963075019419,0.31903275288641453,0.6067757990211249,0.1320244618691504,0.2719022184610367,0.0
3.842590384185314,1.578657585196197,2.903963075019419,0.4129167525097728,0.8571546142920852,0.1320244618691504,0.2719022184610367,0.0
3.842590384185314,1.578657585196197,2.903963075019419,0.4129167525097728,0.6067757990211249,0.005109156481921673,0.2719022184610367,0.0
3.842590384185314,1.578657585196197,2.903963075019419,0.4129167525097728,0.6067757990211249,0.1320244618691504,0.11444062218070031,0.0
2.6102350763976574,2.147898110561073,9.748194321990013,0.31903275288641453,0.8571546142920852,0.005109156481921673,0.11444062218070031,0.0
2.3041354306042194,6.629970284178853,10.798985172994435,0.991741263307631,0.9012913875281809,0.47953924676403403,0.44198665022850037,0.0
3.018204528838396,6.629970284178853,10.798985172994435,0.991741263307631,0.9012913875281809,0.47953924676403403,0.44198665022850037,0.0
2.3041354306042194,7.300505698658526,10.798985172994435,0.991741263307631,0.9012913875281809,0.47953924676403403,0.44198665022850037,0.0
2.3041354306042194,6.629970284178853,6.21367050986737,0.991741263307631,0.9012913875281809,0.47953924676403403,0.44198665022850037,0.0
2.3041354306042194,6.629970284178853,10.798985172994435,0.835968398489058,0.9012913875281809,0.47953924676403403,0.44198665022850037,0.0
2.3041354306042194,6.629970284178853,10.798985172994435,0.991741263307631,0.6300550778396428,0.47953924676403403,0.44198665022850037,0.0
2.3041354306042194,6.629970284178853,10.798985172994435,0.991741263307631,0.9012913875281809,0.43712178571149707,0.44198665022850037,0.0
2.3041354306042194,6.629970284178853,10.798985172994435,0.991741263307631,0.9012913875281809,0.47953924676403403,0.40675916820764546,0.0
3.018204528838396,7.300505698658526,6.21367050986737,0.835968398489058,0.6300550778396428,0.43712178571149707,0.40675916820764546,0.0
2.407443627715111,3.9402715107426047,2.3736065067350864,0.5165712274610996,0.5055206359364093,0.40986108547076583,0.10941726639866829,0.0
3.630593668669462,3.9402715107426047,2.3736065067350864,0.5165712274610996,0.5055206359364093,0.40986108547076583,0.10941726639866829,0.0
2.407443627715111,8.147917400114238,2.3736065067350864,0.5165712274610996,0.5055206359364093,0.40986108547076583,0.10941726639866829,0.0
2.407443627715111,3.9402715107426047,8.306225279346108,0.5165712274610996,0.5055206359364093,0.40986108547076583,0.10941726639866829,0.0
2.407443627715111,3.9402715107426047,2.3736065067350864,0.8027313277125359,0.5055206359364093,0.40986108547076583,0.10941726639866829,0.0
2.407443627715111,3.9402715107426047,2.3736065067350864,0.5165712274610996,0.4878797890618443,0.40986108547076583,0.10941726639866829,0.0
2.407443627715111,3.9402715107426047,2.3736065067350864,0.5165712274610996,0.5055206359364093,0.27231006091460586,0.10941726639866829,0.0
2.407443627715111,3.9402715107426047,2.3736065067350864,0.5165712274610996,0.5055206359364093,0.40986108547076583,0.1775218427181244,0.0
3.630593668669462,8.147917400114238,8.306225279346108,0.8027313277125359,0.4878797890618443,0.27231006091460586,0.1775218427181244,0.0
3.945829924196005,9.013969523832202,11.001703977584839,0.06408953480422497,0.9152214375324548,0.2026963592506945,0.7794772781431676,0.0
2.226559091359377,9.013969523832202,11.001703977584839,0.06408953480422497,0.9152214375324548,0.2026963592506945,0.7794772781431676,0.0
3.945829924196005,4.120369859971106,11.001703977584839,0.06408953480422497,0.9152214375324548,0.2026963592506945,0.7794772781431676,0.0
3.945829924196005,9.013969523832202,4.943576303310692,0.06408953480422497,0.9152214375324548,0.2026963592506945,0.7794772781431676,0.0
3.945829924196005,9.013969523832202,11.001703977584839,0.2922656489536166,0.9152214375324548,0.2026963592506945,0.7794772781431676,0.0
3.945829924196005,9.013969523832202,11.001703977584839,0.06408953480422497,0.9774739758111537,0.2026963592506945,0.7794772781431676,0.0
3.945829924196005,9.013969523832202,11.001703977584839,0.06408953480422497,0.9152214375324548,0.168456987477839,0.7794772781431676,0.0
3.945829924196005,9.013969523832202,11.001703977584839,0.06408953480422497,0.9152214375324548,0.2026963592506945,0.4952374048531056,0.0
2.226559091359377,4.120369859971106,4.943576303310692,0.2922656489536166,0.9774739758111537,0.168456987477839,0.4952374048531056,0.0
3.08213447406888,2.7000082302838564,7.307682382874191,0.9208305673673749,0.8006647923961281,0.1219553705304861,0.2341663680970669,0.0
2.6567043531686068,2.7000082302838564,7.307682382874191,0.9208305673673749,0.8006647923961281,0.1219553705304861,0.2341663680970669,0.0
3.08213447406888,3.036943999119103,7.307682382874191,0.9208305673673749,0.8006647923961281,0.1219553705304861,0.2341663680970669,0.0
3.08213447406888,2.7000082302838564,4.540460016578436,0.9208305673673749,0.8006647923961281,0.1219553705304861,0.2341663680970669,0.0
3.08213447406888,2.7000082302838564,7.307682382874191,0.06328446045517921,0.8006647923961281,0.1219553705304861,0.2341663680970669,0.0
3.08213447406888,2.7000082302838564,7.307682382874191,0.9208305673673749,0.7753194022923707,0.1219553705304861,0.2341663680970669,0.0
3.08213447406888,2.7000082302838564,7.307682382874191,0.9208305673673749,0.8006647923961281,0.396202361676842,0.2341663680970669,0.0
3.08213447406888,2.7000082302838564,7.307682382874191,0.9208305673673749,0.8006647923961281,0.1219553705304861,0.20187064781785014,0.0
2.6567043531686068,3.036943999119103,4.540460016578436,0.06328446045517921,0.7753194022923707,0.396202361676842,0.20187064781785014,0.0
2.5601970478892326,5.501443925313652,8.973243958316743,0.49971996154636145,0.37876344975084064,0.266467628069222,0.45160339400172234,0.0
3.189645180478692,5.501443925313652,8.973243958316743,0.49971996154636145,0.37876344975084064,0.266467628069222,0.45160339400172234,0.0
2.5601970478892326,6.989856659434736,8.973243958316743,0.49971996154636145,0.37876344975084064,0.266467628069222,0.45160339400172234,0.0
2.5601970478892326,5.501443925313652,12.199290334247053,0.49971996154636145,0.37876344975084064,0.266467628069222,0.45160339400172234,0.0
2.5601970478892326,5.501443925313652,8.973243958316743,0.592244035564363,0.37876344975084064,0.266467628069222,0.45160339400172234,0.0
2.5601970478892326,5.501443925313652,8.973243958316743,0.49971996154636145,0.38376266388222574,0.266467628069222,0.45160339400172234,0.0
2.5601970478892326,5.501443925313652,8.973243958316743,0.49971996154636145,0.37876344975084064,0.045965636149048805,0.45160339400172234,0.0
2.5601970478892326,5.501443925313652,8.973243958316743,0.49971996154636145,0.37876344975084064,0.266467628069222,0.7193169385194779,0.0
3.189645180478692,6.989856659434736,12.199290334247053,0.592244035564363,0.38376266388222574,0.045965636149048805,0.7193169385194779,0.0
2.905421629548073,1.2394024012610316,12.759615986607969,0.369892118498683,0.4372706156224012,0.4428211133927107,0.3706148572266102,0.0
2.8767598550766706,1.2394024012610316,12.759615986607969,0.369892118498683,0.4372706156224012,0.4428211133927107,0.3706148572266102,0.0
2.905421629548073,1.463598764501512,12.759615986607969,0.369892118498683,0.4372706156224012,0.4428211133927107,0.3706148572266102,0.0
2.905421629548073,1.2394024012610316,6.902515588328242,0.369892118498683,0.4372706156224012,0.4428211133927107,0.3706148572266102,0.0
2.905421629548073,1.2394024012610316,12.759615986607969,0.1934647774323821,0.4372706156224012,0.4428211133927107,0.3706148572266102,0.0
2.905421629548073,1.2394024012610316,12.759615986607969,0.369892118498683,0.45601074891164894,0.4428211133927107,0.3706148572266102,0.0
2.905421629548073,1.2394024012610316,12.759615986607969,0.369892118498683,0.4372706156224012,0.4830563315190375,0.3706148572266102,0.0
2.905421629548073,1.2394024012610316,12.759615986607969,0.369892118498683,0.4372706156224012,0.4428211133927107,0.5389899350702763,0.0
2.8767598550766706,1.463598764501512,6.902515588328242,0.1934647774323821,0.45601074891164894,0.4830563315190375,0.5389899350702763,0.0
3.490820374339819,7.420247497037053,3.532220388762653,0.7925886549055576,0.7207952983677387,0.16534364689141512,0.5404963411390782,0.0
3.4721988197416067,7.420247497037053,3.532220388762653,0.7925886549055576,0.7207952983677387,0.16534364689141512,0.5404963411390782,0.0
3.490820374339819,6.580993776209652,3.532220388762653,0.7925886549055576,0.7207952983677387,0.16534364689141512,0.5404963411390782,0.0
3.490820374339819,7.420247497037053,9.062038109637797,0.7925886549055576,0.7207952983677387,0.16534364689141512,0.5404963411390782,0.0
3.490820374339819,7.420247497037053,3.532220388762653,0.71156020835042,0.7207952983677387,0.16534364689141512,0.5404963411390782,0.0
3.490820374339819,7.420247497037053,3.532220388762653,0.7925886549055576,0.6786358004435897,0.16534364689141512,0.5404963411390782,0.0
3.490820374339819,7.420247497037053,3.532220388762653,0.7925886549055576,0.7207952983677387,0.0820383783429861,0.5404963411390782,0.0
3.490820374339819,7.420247497037053,3.532220388762653,0.7925886549055576,0.7207952983677387,0.16534364689141512,0.0337555855512619,0.0
3.4721988197416067,6.580993776209652,9.062038109637797,0.71156020835042,0.6786358004435897,0.0820383783429861,0.0337555855512619,0.0
3.603535432368517,4.558225033804774,7.900146566331387,0.19221030082553625,0.8633178028278052,0.025518958922475576,0.09830752238631249,0.0
3.9101565778255463,4.558225033804774,7.900146566331387,0.19221030082553625,0.8633178028278052,0.025518958922475576,0.09830752238631249,0.0
3.603535432368517,9.98445372376591,7.900146566331387,0.19221030082553625,0.8633178028278052,0.025518958922475576,0.09830752238631249,0.0
3.603535432368517,4.558225033804774,11.44314156472683,0.19221030082553625,0.8633178028278052,0.025518958922475576,0.09830752238631249,0.0
3.603535432368517,4.558225033804774,7.900146566331387,0.9249619049951434,0.8633178028278052,0.025518958922475576,0.09830752238631249,0.0
3.603535432368517,4.558225033804774,7.900146566331387,0.19221030082553625,0.8699379867874086,0.025518958922475576,0.09830752238631249,0.0
3.603535432368517,4.558225033804774,7.900146566331387,0.19221030082553625,0.8633178028278052,0.35720898350700736,0.09830752238631249,0.0
3.603535432368517,4.558225033804774,7.900146566331387,0.19221030082553625,0.8633178028278052,0.025518958922475576,0.6630572557449341,0.0
3.9101565778255463,9.98445372376591,11.44314156472683,0.9249619049951434,0.8699379867874086,0.35720898350700736,0.6630572557449341,0.0
2.0036409720778465,8.502513377927244,5.464253883808851,0.6460357503965497,0.5784446298144758,0.3653434799052775,0.6159291796386243,0.0
2.44362386316061,8.502513377927244,5.464253883808851,0.6460357503965497,0.5784446298144758,0.3653434799052775,0.6159291796386243,0.0
2.0036409720778465,4.80107610207051,5.464253883808851,0.6460357503965497,0.5784446298144758,0.3653434799052775,0.6159291796386243,0.0
2.0036409720778465,8.502513377927244,2.5811851201578975,0.6460357503965497,0.5784446298144758,0.3653434799052775,0.6159291796386243,0.0
2.0036409720778465,8.502513377927244,5.464253883808851,0.4195009842514992,0.5784446298144758,0.3653434799052775,0.6159291796386243,0.0
2.0036409720778465,8.502513377927244,5.464253883808851,0.6460357503965497,0.5709795884788036,0.3653434799052775,0.6159291796386243,0.0
2.0036409720778465,8.502513377927244,5.464253883808851,0.6460357503965497,0.5784446298144758,0.21038721222430468,0.6159291796386243,0.0
2.0036409720778465,8.502513377927244,5.464253883808851,0.6460357503965497,0.5784446298144758,0.3653434799052775,0.35814100578427316,0.0
2.44362386316061,4.80107610207051,2.5811851201578975,0.4195009842514992,0.5709795884788036,0.21038721222430468,0.35814100578427316,0.0
2.0459739975631237,1.476061036810279,4.348525412380695,0.9696607505902648,0.6532785831019282,0.27642334159463644,0.018550559878349304,0.0
2.217872254550457,1.476061036810279,4.348525412380695,0.9696607505902648,0.6532785831019282,0.27642334159463644,0.018550559878349304,0.0
2.0459739975631237,5.506744590587914,4.348525412380695,0.9696607505902648,0.6532785831019282,0.27642334159463644,0.018550559878349304,0.0
2.0459739975631237,1.476061036810279,10.837726694531739,0.9696607505902648,0.6532785831019282,0.27642334159463644,0.018550559878349304,0.0
2.0459739975631237,1.476061036810279,4.348525412380695,0.10422616545110941,0.6532785831019282,0.27642334159463644,0.018550559878349304,0.0
2.0459739975631237,1.476061036810279,4.348525412380695,0.9696607505902648,0.9841817929409444,0.27642334159463644,0.018550559878349304,0.0
2.0459739975631237,1.476061036810279,4.348525412380695,0.9696607505902648,0.6532785831019282,0.3692873874679208,0.018550559878349304,0.0
2.0459739975631237,1.476061036810279,4.348525412380695,0.9696607505902648,0.6532785831019282,0.27642334159463644,0.5296779364347458,0.0
2.217872254550457,5.506744590587914,10.837726694531739,0.10422616545110941,0.9841817929409444,0.3692873874679208,0.5296779364347458,0.0
3.5690175592899323,7.6746088629588485,12.28689506277442,0.42354626674205065,0.4172933833673596,0.11640748009085655,0.6984630703926087,0.0
3.6849237084388733,7.6746088629588485,12.28689506277442,0.42354626674205065,0.4172933833673596,0.11640748009085655,0.6984630703926087,0.0
3.5690175592899323,1.6901131263002753,12.28689506277442,0.42354626674205065,0.4172933833673596,0.11640748009085655,0.6984630703926087,0.0
3.5690175592899323,7.6746088629588485,3.2003638688474894,0.42354626674205065,0.4172933833673596,0.11640748009085655,0.6984630703926087,0.0
3.5690175592899323,7.6746088629588485,12.28689506277442,0.6132922116667032,0.4172933833673596,0.11640748009085655,0.6984630703926087,0.0
3.5690175592899323,7.6746088629588485,12.28689506277442,0.42354626674205065,0.5003126099705696,0.11640748009085655,0.6984630703926087,0.0
3.5690175592899323,7.6746088629588485,12.28689506277442,0.42354626674205065,0.4172933833673596,0.18799577420577407,0.6984630703926087,0.0
3.5690175592899323,7.6746088629588485,12.28689506277442,0.42354626674205065,0.4172933833673596,0.11640748009085655,0.049322161823511124,0.0
3.6849237084388733,1.6901131263002753,3.2003638688474894,0.6132922116667032,0.5003126099705696,0.18799577420577407,0.049322161823511124,0.0
3.463074304163456,4.883100668899715,4.99165968503803,0.5927449222654104,0.6418204714544118,0.19176473887637258,0.3375270709395409,0.0
3.2449517901986837,4.883100668899715,4.99165968503803,0.5927449222654104,0.6418204714544118,0.19176473887637258,0.3375270709395409,0.0
3.463074304163456,5.027591000311077,4.99165968503803,0.5927449222654104,0.6418204714544118,0.19176473887637258,0.3375270709395409,0.0
3.463074304163456,4.883100668899715,6.315904094837606,0.5927449222654104,0.6418204714544118,0.19176473887637258,0.3375270709395409,0.0
3.463074304163456,4.883100668899715,4.99165968503803,0.780795400030911,0.6418204714544118,0.19176473887637258,0.3375270709395409,0.0
3.463074304163456,4.883100668899715,4.99165968503803,0.5927449222654104,0.35287274392321705,0.19176473887637258,0.3375270709395409,0.0
3.463074304163456,4.883100668899715,4.99165968503803,0.5927449222654104,0.6418204714544118,0.4934391025453806,0.3375270709395409,0.0
3.463074304163456,4.883100668899715,4.99165968503803,0.5927449222654104,0.6418204714544118,0.19176473887637258,0.6536208994686604,0.0
3.2449517901986837,5.027591000311077,6.315904094837606,0.780795400030911,0.35287274392321705,0.4934391025453806,0.6536208994686604,0.0
2.9253516532480717,8.80942047573626,8.716661910526454,0.015259351581335068,0.8874374159611762,0.4144316385500133,0.570111395418644,0.0
2.6489940863102674,8.80942047573626,8.716661910526454,0.015259351581335068,0.8874374159611762,0.4144316385500133,0.570111395418644,0.0
2.9253516532480717,8.910204001702368,8.716661910526454,0.015259351581335068,0.8874374159611762,0.4144316385500133,0.570111395418644,0.0
2.9253516532480717,8.80942047573626,9.657040994614363,0.015259351581335068,0.8874374159611762,0.4144316385500133,0.570111395418644,0.0
2.9253516532480717,8.80942047573626,8.716661910526454,0.2511607464402914,0.8874374159611762,0.4144316385500133,0.570111395418644,0.0
2.9253516532480717,8.80942047573626,8.716661910526454,0.015259351581335068,0.7378499655053019,0.4144316385500133,0.570111395418644,0.0
2.9253516532480717,8.80942047573626,8.716661910526454,0.015259351581335068,0.8874374159611762,0.06634364137426019,0.570111395418644,0.0
2.9253516532480717,8.80942047573626,8.716661910526454,0.015259351581335068,0.8874374159611762,0.4144316385500133,0.37382583618164067,0.0
2.6489940863102674,8.910204001702368,9.657040994614363,0.2511607464402914,0.7378499655053019,0.06634364137426019,0.37382583618164067,0.0
2.5166547410190105,4.125569129362702,10.443046393804252,0.13556785602122545,0.9785544267855584,0.37285903515294194,0.25141734778881075,0.0
3.464290300384164,4.125569129362702,10.443046393804252,0.13556785602122545,0.9785544267855584,0.37285903515294194,0.25141734778881075,0.0
2.5166547410190105,3.471823857165873,10.443046393804252,0.13556785602122545,0.9785544267855584,0.37285903515294194,0.25141734778881075,0.0
2.5166547410190105,4.125569129362702,3.953492463566363,0.13556785602122545,0.9785544267855584,0.37285903515294194,0.25141734778881075,0.0
2.5166547410190105,4.125569129362702,10.443046393804252,0.8997757639735937,0.9785544267855584,0.37285903515294194,0.25141734778881075,0.0
2.5166547410190105,4.125569129362702,10.443046393804252,0.13556785602122545,0.6706462632864714,0.37285903515294194,0.25141734778881075,0.0
2.5166547410190105,4.125569129362702,10.443046393804252,0.13556785602122545,0.9785544267855584,0.3772901650518179,0.25141734778881075,0.0
2.5166547410190105,4.125569129362702,10.443046393804252,0.13556785602122545,0.9785544267855584,0.37285903515294194,0.19311140254139902,0.0
3.464290300384164,3.471823857165873,3.953492463566363,0.8997757639735937,0.6706462632864714,0.3772901650518179,0.19311140254139902,0.0
3.117869198322296,9.181264038197696,3.275849542580545,0.7143971836194396,0.5296828459016978,0.017532348167151213,0.4315633177757263,0.0
2.930830614641309,9.181264038197696,3.275849542580545,0.7143971836194396,0.5296828459016978,0.017532348167151213,0.4315633177757263,0.0
3.117869198322296,8.518919277004898,3.275849542580545,0.7143971836194396,0.5296828459016978,0.017532348167151213,0.4315633177757263,0.0
3.117869198322296,9.181264038197696,12.793979121372104,0.7143971836194396,0.5296828459016978,0.017532348167151213,0.4315633177757263,0.0
3.117869198322296,9.181264038197696,3.275849542580545,0.38271446991711855,0.5296828459016978,0.017532348167151213,0.4315633177757263,0.0
3.117869198322296,9.181264038197696,3.275849542580545,0.7143971836194396,0.44485968453809616,0.017532348167151213,0.4315633177757263,0.0
3.117869198322296,9.181264038197696,3.275849542580545,0.7143971836194396,0.5296828459016978,0.0556634315289557,0.4315633177757263,0.0
3.117869198322296,9.181264038197696,3.275849542580545,0.7143971836194396,0.5296828459016978,0.017532348167151213,0.4858993709087372,0.0
2.930830614641309,8.518919277004898,12.793979121372104,0.38271446991711855,0.44485968453809616,0.0556634315289557,0.4858993709087372,0.0
3.972832091152668,3.078442416153848,9.875696290284395,0.3015306852757931,0.3112039655447006,0.15880399849265814,0.17999902814626695,0.0
2.498671192675829,3.078442416153848,9.875696290284395,0.3015306852757931,0.3112039655447006,0.15880399849265814,0.17999902814626695,0.0
3.972832091152668,7.360859072767198,9.875696290284395,0.3015306852757931,0.3112039655447006,0.15880399849265814,0.17999902814626695,0.0
3.972832091152668,3.078442416153848,7.700452956371009,0.3015306852757931,0.3112039655447006,0.15880399849265814,0.17999902814626695,0.0
3.972832091152668,3.078442416153848,9.875696290284395,0.23088178969919682,0.3112039655447006,0.15880399849265814,0.17999902814626695,0.0
3.972832091152668,3.078442416153848,9.875696290284395,0.3015306852757931,0.6033221686258912,0.15880399849265814,0.17999902814626695,0.0
3.972832091152668,3.078442416153848,9.875696290284395,0.3015306852757931,0.3112039655447006,0.25118343252688646,0.17999902814626695,0.0
3.972832091152668,3.078442416153848,9.875696290284395,0.3015306852757931,0.3112039655447006,0.15880399849265814,0.217529633641243,0.0
2.498671192675829,7.360859072767198,7.700452956371009,0.23088178969919682,0.6033221686258912,0.25118343252688646,0.217529633641243,0.0
2.3882498182356358,5.897614872083068,6.749149844050407,0.8492310997098684,0.780730240419507,0.45178506150841713,0.7123559966683388,0.0
3.903224628418684,5.897614872083068,6.749149844050407,0.8492310997098684,0.780730240419507,0.45178506150841713,0.7123559966683388,0.0
2.3882498182356358,2.388397459872067,6.749149844050407,0.8492310997098684,0.780730240419507,0.45178506150841713,0.7123559966683388,0.0
2.3882498182356358,5.897614872083068,5.562439560890198,0.8492310997098684,0.780730240419507,0.45178506150841713,0.7123559966683388,0.0
2.3882498182356358,5.897614872083068,6.749149844050407,0.7371400976553559,0.780730240419507,0.45178506150841713,0.7123559966683388,0.0
2.3882498182356358,5.897614872083068,6.749149844050407,0.8492310997098684,0.9059548103250563,0.45178506150841713,0.7123559966683388,0.0
2.3882498182356358,5.897614872083068,6.749149844050407,0.8492310997098684,0.780730240419507,0.18317301711067557,0.7123559966683388,0.0
2.3882498182356358,5.897614872083068,6.749149844050407,0.8492310997098684,0.780730240419507,0.45178506150841713,0.7099033750593663,0.0
3.903224628418684,2.388397459872067,5.562439560890198,0.7371400976553559,0.9059548103250563,0.18317301711067557,0.7099033750593663,0.0
2.2771262526512146,5.246354113332927,9.345256269909441,0.6278681708499789,0.4722725217230618,0.3809755966067314,0.24249007925391197,0.0
3.2616902478039265,5.246354113332927,9.345256269909441,0.6278681708499789,0.4722725217230618,0.3809755966067314,0.24249007925391197,0.0
2.2771262526512146,4.343334033153951,9.345256269909441,0.6278681708499789,0.4722725217230618,0.3809755966067314,0.24249007925391197,0.0
2.2771262526512146,5.246354113332927,8.970883470959961,0.6278681708499789,0.4722725217230618,0.3809755966067314,0.24249007925391197,0.0
2.2771262526512146,5.246354113332927,9.345256269909441,0.655410535633564,0.4722725217230618,0.3809755966067314,0.24249007925391197,0.0
2.2771262526512146,5.246354113332927,9.345256269909441,0.6278681708499789,0.9168831435963511,0.3809755966067314,0.24249007925391197,0.0
2.2771262526512146,5.246354113332927,9.345256269909441,0.6278681708499789,0.4722725217230618,0.018391098361462355,0.24249007925391197,0.0
2.2771262526512146,5.246354113332927,9.345256269909441,0.6278681708499789,0.4722725217230618,0.3809755966067314,0.28062020465731624,0.0
3.2616902478039265,4.343334033153951,8.970883470959961,0.655410535633564,0.9168831435963511,0.018391098361462355,0.28062020465731624,0.0
3.861792456358671,8.052205244079232,6.951953534968197,0.20675462577492,0.7069840096868574,0.22865024488419294,0.47487147971987725,0.0
2.853262972086668,8.052205244079232,6.951953534968197,0.20675462577492,0.7069840096868574,0.22865024488419294,0.47487147971987725,0.0
3.861792456358671,8.19071836490184,6.951953534968197,0.20675462577492,0.7069840096868574,0.22865024488419294,0.47487147971987725,0.0
3.861792456358671,8.052205244079232,7.004745239391923,0.20675462577492,0.7069840096868574,0.22865024488419294,0.47487147971987725,0.0
3.861792456358671,8.052205244079232,6.951953534968197,0.12656946014612913,0.7069840096868574,0.22865024488419294,0.47487147971987725,0.0
3.861792456358671,8.052205244079232,6.951953534968197,0.20675462577492,0.5267451730556786,0.22865024488419294,0.47487147971987725,0.0
3.861792456358671,8.052205244079232,6.951953534968197,0.20675462577492,0.7069840096868574,0.4144995575770736,0.47487147971987725,0.0
3.861792456358671,8.052205244079232,6.951953534968197,0.20675462577492,0.7069840096868574,0.22865024488419294,0.7983783707022667,0.0
2.853262972086668,8.19071836490184,7.004745239391923,0.12656946014612913,0.5267451730556786,0.4144995575770736,0.7983783707022667,0.0
3.2332957424223423,1.955872556194663,11.357519494369626,0.809547046199441,0.8337199730798601,0.0872086021117866,0.11393238380551339,0.0
2.295126983895898,1.955872556194663,11.357519494369626,0.809547046199441,0.8337199730798601,0.0872086021117866,0.11393238380551339,0.0
3.2332957424223423,7.1073616379871964,11.357519494369626,0.809547046199441,0.8337199730798601,0.0872086021117866,0.11393238380551339,0.0
3.2332957424223423,1.955872556194663,2.5115227242931724,0.809547046199441,0.8337199730798601,0.0872086021117866,0.11393238380551339,0.0
3.2332957424223423,1.955872556194663,11.357519494369626,0.4785820133984089,0.8337199730798601,0.0872086021117866,0.11393238380551339,0.0
3.2332957424223423,1.955872556194663,11.357519494369626,0.809547046199441,0.32455904632806776,0.0872086021117866,0.11393238380551339,0.0
3.2332957424223423,1.955872556194663,11.357519494369626,0.809547046199441,0.8337199730798601,0.1423167739994824,0.11393238380551339,0.0
3.2332957424223423,1.955872556194663,11.357519494369626,0.809547046199441,0.8337199730798601,0.0872086021117866,0.10502627044916153,0.0
2.295126983895898,7.1073616379871964,2.5115227242931724,0.4785820133984089,0.32455904632806776,0.1423167739994824,0.10502627044916153,0.0
2.6321804597973824,7.025162643752992,2.0015128534287214,0.357060506939888,0.5868506791070103,0.302185230422765,0.7940539576113225,0.0
3.8246480096131563,7.025162643752992,2.0015128534287214,0.357060506939888,0.5868506791070103,0.302185230422765,0.7940539576113225,0.0
2.6321804597973824,3.185206170193851,2.0015128534287214,0.357060506939888,0.5868506791070103,0.302185230422765,0.7940539576113225,0.0
2.6321804597973824,7.025162643752992,11.52388421818614,0.357060506939888,0.5868506791070103,0.302185230422765,0.7940539576113225,0.0
2.6321804597973824,7.025162643752992,2.0015128534287214,0.9889296805486083,0.5868506791070103,0.302185230422765,0.7940539576113225,0.0
2.6321804597973824,7.025162643752992,2.0015128534287214,0.357060506939888,0.8128402962349355,0.302185230422765,0.7940539576113225,0.0
2.6321804597973824,7.025162643752992,2.0015128534287214,0.357060506939888,0.5868506791070103,0.2921026162803173,0.7940539576113225,0.0
2.6321804597973824,7.025162643752992,2.0015128534287214,0.357060506939888,0.5868506791070103,0.302185230422765,0.42241894230246546,0.0
3.8246480096131563,3.185206170193851,11.52388421818614,0.9889296805486083,0.8128402962349355,0.2921026162803173,0.42241894230246546,0.0
2.7869596779346466,2.604570916853845,5.787884717807174,0.477368057705462,0.4916880592703819,0.4695970672182739,0.07504248842597008,0.0
2.0151960011571646,2.604570916853845,5.787884717807174,0.477368057705462,0.4916880592703819,0.4695970672182739,0.07504248842597008,0.0
2.7869596779346466,6.393078598193824,5.787884717807174,0.477368057705462,0.4916880592703819,0.4695970672182739,0.07504248842597008,0.0
2.7869596779346466,2.604570916853845,4.8735964903607965,0.477368057705462,0.4916880592703819,0.4695970672182739,0.07504248842597008,0.0
2.7869596779346466,2.604570916853845,5.787884717807174,0.3562293415889144,0.4916880592703819,0.4695970672182739,0.07504248842597008,0.0
2.7869596779346466,2.604570916853845,5.787884717807174,0.477368057705462,0.7269219660200179,0.4695970672182739,0.07504248842597008,0.0
2.7869596779346466,2.604570916853845,5.787884717807174,0.477368057705462,0.4916880592703819,0.22916887374594808,0.07504248842597008,0.0
2.7869596779346466,2.604570916853845,5.787884717807174,0.477368057705462,0.4916880592703819,0.4695970672182739,0.6421013310551644,0.0
2.0151960011571646,6.393078598193824,4.8735964903607965,0.3562293415889144,0.7269219660200179,0.22916887374594808,0.6421013310551644,0.0
3.3246136717498302,6.553274696692824,7.582057664170861,0.9311964465305209,0.950244790688157,0.13758540200069547,0.6076024167239666,0.0
3.6072188895195723,6.553274696692824,7.582057664170861,0.9311964465305209,0.950244790688157,0.13758540200069547,0.6076024167239666,0.0
3.3246136717498302,1.385542810894549,7.582057664170861,0.9311964465305209,0.950244790688157,0.13758540200069547,0.6076024167239666,0.0
3.3246136717498302,6.553274696692824,8.386608554050326,0.9311964465305209,0.950244790688157,0.13758540200069547,0.6076024167239666,0.0
3.3246136717498302,6.553274696692824,7.582057664170861,0.8618163801729679,0.950244790688157,0.13758540200069547,0.6076024167239666,0.0
3.3246136717498302,6.553274696692824,7.582057664170861,0.9311964465305209,0.4294500732794404,0.13758540200069547,0.6076024167239666,0.0
3.3246136717498302,6.553274696692824,7.582057664170861,0.9311964465305209,0.950244790688157,0.3281734138727188,0.6076024167239666,0.0
3.3246136717498302,6.553274696692824,7.582057664170861,0.9311964465305209,0.950244790688157,0.13758540200069547,0.33691097125411035,0.0
3.6072188895195723,1.385542810894549,8.386608554050326,0.8618163801729679,0.4294500732794404,0.3281734138727188,0.33691097125411035,0.0
3.7040831185877323,3.75500344671309,3.850395959801972,0.0847361832857132,0.809049222525209,0.06206244230270386,0.3560412295162678,0.0
3.041270397603512,3.75500344671309,3.850395959801972,0.0847361832857132,0.809049222525209,0.06206244230270386,0.3560412295162678,0.0
3.7040831185877323,4.788932551629841,3.850395959801972,0.0847361832857132,0.809049222525209,0.06206244230270386,0.3560412295162678,0.0
3.7040831185877323,3.75500344671309,12.107823523692787,0.0847361832857132,0.809049222525209,0.06206244230270386,0.3560412295162678,0.0
3.7040831185877323,3.75500344671309,3.850395959801972,0.5253523243591189,0.809049222525209,0.06206244230270386,0.3560412295162678,0.0
3.7040831185877323,3.75500344671309,3.850395959801972,0.0847361832857132,0.6206129143945873,0.06206244230270386,0.3560412295162678,0.0
3.7040831185877323,3.75500344671309,3.850395959801972,0.0847361832857132,0.809049222525209,0.10329196555539966,0.3560412295162678,0.0
3.7040831185877323,3.75500344671309,3.850395959801972,0.0847361832857132,0.809049222525209,0.06206244230270386,0.5662029437720776,0.0
3.041270397603512,4.788932551629841,12.107823523692787,0.5253523243591189,0.6206129143945873,0.10329196555539966,0.5662029437720776,0.0
2.1809251084923744,9.931440616957843,12.43590381089598,0.5074375662952662,0.34918673587962984,0.3317277682945132,0.5359781719744205,0.0
2.570341259241104,9.931440616957843,12.43590381089598,0.5074375662952662,0.34918673587962984,0.3317277682945132,0.5359781719744205,0.0
2.1809251084923744,9.730624130927026,12.43590381089598,0.5074375662952662,0.34918673587962984,0.3317277682945132,0.5359781719744205,0.0
2.1809251084923744,9.931440616957843,4.642335534095764,0.5074375662952662,0.34918673587962984,0.3317277682945132,0.5359781719744205,0.0
2.1809251084923744,9.931440616957843,12.43590381089598,0.007131241261959076,0.34918673587962984,0.3317277682945132,0.5359781719744205,0.0
2.1809251084923744,9.931440616957843,12.43590381089598,0.5074375662952662,0.8419874262064695,0.3317277682945132,0.5359781719744205,0.0
2.1809251084923744,9.931440616957843,12.43590381089598,0.5074375662952662,0.34918673587962984,0.4564316524192691,0.5359781719744205,0.0
2.1809251084923744,9.931440616957843,12.43590381089598,0.5074375662952662,0.34918673587962984,0.3317277682945132,0.06123159378767014,0.0
2.570341259241104,9.730624130927026,4.642335534095764,0.007131241261959076,0.8419874262064695,0.4564316524192691,0.06123159378767014,0.0
2.18758886680007,3.362763822078705,7.452173817902803,0.25130533427000046,0.9049631803296505,0.14170687785372138,0.6619364127516747,0.0
3.102849191054702,3.362763822078705,7.452173817902803,0.25130533427000046,0.9049631803296505,0.14170687785372138,0.6619364127516747,0.0
2.18758886680007,7.763521870598197,7.452173817902803,0.25130533427000046,0.9049631803296505,0.14170687785372138,0.6619364127516747,0.0
2.18758886680007,3.362763822078705,12.446817297488451,0.25130533427000046,0.9049631803296505,0.14170687785372138,0.6619364127516747,0.0
2.18758886680007,3.362763822078705,7.452173817902803,0.04959688428789377,0.9049631803296505,0.14170687785372138,0.6619364127516747,0.0
2.18758886680007,3.362763822078705,7.452173817902803,0.25130533427000046,0.6851877421140671,0.14170687785372138,0.6619364127516747,0.0
2.18758886680007,3.362763822078705,7.452173817902803,0.25130533427000046,0.9049631803296505,0.1628240356221795,0.6619364127516747,0.0
2.18758886680007,3.362763822078705,7.452173817902803,0.25130533427000046,0.9049631803296505,0.14170687785372138,0.1555880829691887,0.0
3.102849191054702,7.763521870598197,12.446817297488451,0.04959688428789377,0.6851877421140671,0.1628240356221795,0.1555880829691887,0.0
3.665680155158043,9.556775496341288,9.183236166834831,0.828180493786931,0.625153202097863,0.49721774691715837,0.030424763262271882,0.0
2.5108187180012465,9.556775496341288,9.183236166834831,0.828180493786931,0.625153202097863,0.49721774691715837,0.030424763262271882,0.0
3.665680155158043,3.9512250907719135,9.183236166834831,0.828180493786931,0.625153202097863,0.49721774691715837,0.030424763262271882,0.0
3.665680155158043,9.556775496341288,3.6063149040564895,0.828180493786931,0.625153202097863,0.49721774691715837,0.030424763262271882,0.0
3.665680155158043,9.556775496341288,9.183236166834831,0.5434002075344324,0.625153202097863,0.49721774691715837,0.030424763262271882,0.0
3.665680155158043,9.556775496341288,9.183236166834831,0.828180493786931,0.47406788757070895,0.49721774691715837,0.030424763262271882,0.0
3.665680155158043,9.556775496341288,9.183236166834831,0.828180493786931,0.625153202097863,0.27745377784594893,0.030424763262271882,0.0
3.665680155158043,9.556775496341288,9.183236166834831,0.828180493786931,0.625153202097863,0.49721774691715837,0.4734196357429028,0.0
2.5108187180012465,3.9512250907719135,3.6063149040564895,0.5434002075344324,0.47406788757070895,0.27745377784594893,0.4734196357429028,0.0
3.3019586130976677,2.1530737848952413,2.5943205980584025,0.18676791433244944,0.390390894562006,0.3264497835189104,0.5819859713315964,0.0
2.074814073741436,2.1530737848952413,2.5943205980584025,0.18676791433244944,0.390390894562006,0.3264497835189104,0.5819859713315964,0.0
3.3019586130976677,2.7846514880657196,2.5943205980584025,0.18676791433244944,0.390390894562006,0.3264497835189104,0.5819859713315964,0.0
3.3019586130976677,2.1530737848952413,5.909643756225705,0.18676791433244944,0.390390894562006,0.3264497835189104,0.5819859713315964,0.0
3.3019586130976677,2.1530737848952413,2.5943205980584025,0.820293684490025,0.390390894562006,0.3264497835189104,0.5819859713315964,0.0
3.3019586130976677,2.1530737848952413,2.5943205980584025,0.18676791433244944,0.5782168788835407,0.3264497835189104,0.5819859713315964,0.0
3.3019586130976677,2.1530737848952413,2.5943205980584025,0.18676791433244944,0.390390894562006,0.03694618679583073,0.5819859713315964,0.0
3.3019586130976677,2.1530737848952413,2.5943205980584025,0.18676791433244944,0.390390894562006,0.3264497835189104,0.2300589643418789,0.0
2.074814073741436,2.7846514880657196,5.909643756225705,0.820293684490025,0.5782168788835407,0.03694618679583073,0.2300589643418789,0.0
2.840377438813448,6.08419581875205,11.114032468758523,0.7325161276385188,0.6796616982668637,0.033652895130217075,0.3010007500648499,0.0
3.5457507967948914,6.08419581875205,11.114032468758523,0.7325161276385188,0.6796616982668637,0.033652895130217075,0.3010007500648499,0.0
2.840377438813448,6.6715820748358965,11.114032468758523,0.7325161276385188,0.6796616982668637,0.033652895130217075,0.3010007500648499,0.0
2.840377438813448,6.08419581875205,8.047672887332737,0.7325161276385188,0.6796616982668637,0.033652895130217075,0.3010007500648499,0.0
2.840377438813448,6.08419581875205,11.114032468758523,0.33717175386846066,0.6796616982668637,0.033652895130217075,0.3010007500648499,0.0
2.840377438813448,6.08419581875205,11.114032468758523,0.7325161276385188,0.8873104494996369,0.033652895130217075,0.3010007500648499,0.0
2.840377438813448,6.08419581875205,11.114032468758523,0.7325161276385188,0.6796616982668637,0.40571104595437646,0.3010007500648499,0.0
2.840377438813448,6.08419581875205,11.114032468758523,0.7325161276385188,0.6796616982668637,0.033652895130217075,0.7473771050572395,0.0
3.5457507967948914,6.6715820748358965,8.047672887332737,0.33717175386846066,0.8873104494996369,0.40571104595437646,0.7473771050572395,0.0
2.748082961887121,1.7855558209121227,8.024560018442571,0.604899825528264,0.7488289749249816,0.24204971827566624,0.41965819448232655,0.0
2.3565912432968616,1.7855558209121227,8.024560018442571,0.604899825528264,0.7488289749249816,0.24204971827566624,0.41965819448232655,0.0
2.748082961887121,1.214808413758874,8.024560018442571,0.604899825528264,0.7488289749249816,0.24204971827566624,0.41965819448232655,0.0
2.748082961887121,1.7855558209121227,2.8585573211312294,0.604899825528264,0.7488289749249816,0.24204971827566624,0.41965819448232655,0.0
2.748082961887121,1.7855558209121227,8.024560018442571,0.9386485274881124,0.7488289749249816,0.24204971827566624,0.41965819448232655,0.0
2.748082961887121,1.7855558209121227,8.024560018442571,0.604899825528264,0.9600696469657122,0.24204971827566624,0.41965819448232655,0.0
2.748082961887121,1.7855558209121227,8.024560018442571,0.604899825528264,0.7488289749249816,0.09255020879209042,0.41965819448232655,0.0
2.748082961887121,1.7855558209121227,8.024560018442571,0.604899825528264,0.7488289749249816,0.24204971827566624,0.5171553753316402,0.0
2.3565912432968616,1.214808413758874,2.8585573211312294,0.9386485274881124,0.9600696469657122,0.09255020879209042,0.5171553753316402,0.0
3.1481559425592422,6.83726389426738,5.694367389194667,0.056833259761333466,0.3436112532392144,0.40224784705787897,0.2879863277077675,0.0
3.76502613350749,6.83726389426738,5.694367389194667,0.056833259761333466,0.3436112532392144,0.40224784705787897,0.2879863277077675,0.0
3.1481559425592422,6.257569082081318,5.694367389194667,0.056833259761333466,0.3436112532392144,0.40224784705787897,0.2879863277077675,0.0
3.1481559425592422,6.83726389426738,10.4959358824417,0.056833259761333466,0.3436112532392144,0.40224784705787897,0.2879863277077675,0.0
3.1481559425592422,6.83726389426738,5.694367389194667,0.46834385860711336,0.3436112532392144,0.40224784705787897,0.2879863277077675,0.0
3.1481559425592422,6.83726389426738,5.694367389194667,0.056833259761333466,0.4806743647903204,0.40224784705787897,0.2879863277077675,0.0
3.1481559425592422,6.83726389426738,5.694367389194667,0.056833259761333466,0.3436112532392144,0.4730337359942496,0.2879863277077675,0.0
3.1481559425592422,6.83726389426738,5.694367389194667,0.056833259761333466,0.3436112532392144,0.40224784705787897,0.011841656267642976,0.0
3.76502613350749,6.257569082081318,10.4959358824417,0.46834385860711336,0.4806743647903204,0.4730337359942496,0.011841656267642976,0.0
3.7609047517180443,5.135432214476168,12.957523234188557,0.9584842501208186,0.5408426460810005,0.2895836844108999,0.7489254444837571,0.0
3.32120899297297,5.135432214476168,12.957523234188557,0.9584842501208186,0.5408426460810005,0.2895836844108999,0.7489254444837571,0.0
3.7609047517180443,9.604109670966864,12.957523234188557,0.9584842501208186,0.5408426460810005,0.2895836844108999,0.7489254444837571,0.0
3.7609047517180443,5.135432214476168,9.998889749869704,0.9584842501208186,0.5408426460810005,0.2895836844108999,0.7489254444837571,0.0
3.7609047517180443,5.135432214476168,12.957523234188557,0.17590146698057652,0.5408426460810005,0.2895836844108999,0.7489254444837571,0.0
3.7609047517180443,5.135432214476168,12.957523234188557,0.9584842501208186,0.3656736590899527,0.2895836844108999,0.7489254444837571,0.0
3.7609047517180443,5.135432214476168,12.957523234188557,0.9584842501208186,0.5408426460810005,0.21647304017096758,0.7489254444837571,0.0
3.7609047517180443,5.135432214476168,12.957523234188557,0.9584842501208186,0.5408426460810005,0.2895836844108999,0.6911494717001916,0.0
3.32120899297297,9.604109670966864,9.998889749869704,0.17590146698057652,0.3656736590899527,0.21647304017096758,0.6911494717001916,0.0
2.3462747521698475,7.9588575810194016,3.6673124097287655,0.37904463056474924,0.9665441424585879,0.06709905946627259,0.16809433698654175,0.0
2.7916803527623415,7.9588575810194016,3.6673124097287655,0.37904463056474924,0.9665441424585879,0.06709905946627259,0.16809433698654175,0.0
2.3462747521698475,4.627330539748073,3.6673124097287655,0.37904463056474924,0.9665441424585879,0.06709905946627259,0.16809433698654175,0.0
2.3462747521698475,7.9588575810194016,6.657737114466727,0.37904463056474924,0.9665441424585879,0.06709905946627259,0.16809433698654175,0.0
2.3462747521698475,7.9588575810194016,3.6673124097287655,0.6666531497612596,0.9665441424585879,0.06709905946627259,0.16809433698654175,0.0
2.3462747521698475,7.9588575810194016,3.6673124097287655,0.37904463056474924,0.7687993267551064,0.06709905946627259,0.16809433698654175,0.0
2.3462747521698475,7.9588575810194016,3.6673124097287655,0.37904463056474924,0.9665441424585879,0.35063392063602805,0.16809433698654175,0.0
2.3462747521698475,7.9588575810194016,3.6673124097287655,0.37904463056474924,0.9665441424585879,0.06709905946627259,0.38630033656954765,0.0
2.7916803527623415,4.627330539748073,6.657737114466727,0.6666531497612596,0.7687993267551064,0.35063392063602805,0.38630033656954765,0.0
2.4890231043100357,2.91471788007766,11.74226884264499,0.09701274707913399,0.5708336196839809,0.011761969421058893,0.4864099629223347,0.0
2.4352423641830683,2.91471788007766,11.74226884264499,0.09701274707913399,0.5708336196839809,0.011761969421058893,0.4864099629223347,0.0
2.4890231043100357,2.1000061370432377,11.74226884264499,0.09701274707913399,0.5708336196839809,0.011761969421058893,0.4864099629223347,0.0
2.4890231043100357,2.91471788007766,8.733828444033861,0.09701274707913399,0.5708336196839809,0.011761969421058893,0.4864099629223347,0.0
2.4890231043100357,2.91471788007766,11.74226884264499,0.6946419104933739,0.5708336196839809,0.011761969421058893,0.4864099629223347,0.0
2.4890231043100357,2.91471788007766,11.74226884264499,0.09701274707913399,0.7141210299916565,0.011761969421058893,0.4864099629223347,0.0
2.4890231043100357,2.91471788007766,11.74226884264499,0.09701274707913399,0.5708336196839809,0.45144743798300624,0.4864099629223347,0.0
2.4890231043100357,2.91471788007766,11.74226884264499,0.09701274707913399,0.5708336196839809,0.011761969421058893,0.6046215929090977,0.0
2.4352423641830683,2.1000061370432377,8.733828444033861,0.6946419104933739,0.7141210299916565,0.45144743798300624,0.6046215929090977,0.0
3.903798069804907,5.716307517141104,4.554930471815169,0.5488888751715422,0.8492203291505576,0.34395757084712386,0.20560328736901284,0.0
3.968709694221616,5.716307517141104,4.554930471815169,0.5488888751715422,0.8492203291505576,0.34395757084712386,0.20560328736901284,0.0
3.903798069804907,5.95186254940927,4.554930471815169,0.5488888751715422,0.8492203291505576,0.34395757084712386,0.20560328736901284,0.0
3.903798069804907,5.716307517141104,5.220800644718111,0.5488888751715422,0.8492203291505576,0.34395757084712386,0.20560328736901284,0.0
3.903798069804907,5.716307517141104,4.554930471815169,0.21280160080641508,0.8492203291505576,0.34395757084712386,0.20560328736901284,0.0
3.903798069804907,5.716307517141104,4.554930471815169,0.5488888751715422,0.39850069116801023,0.34395757084712386,0.20560328736901284,0.0
3.903798069804907,5.716307517141104,4.554930471815169,0.5488888751715422,0.8492203291505576,0.1141956364735961,0.20560328736901284,0.0
3.903798069804907,5.716307517141104,4.554930471815169,0.5488888751715422,0.8492203291505576,0.34395757084712386,0.3243876487016678,0.0
3.968709694221616,5.95186254940927,5.220800644718111,0.21280160080641508,0.39850069116801023,0.1141956364735961,0.3243876487016678,0.0
3.001837033778429,4.0080558359622955,8.254218583926558,0.46607003081589937,0.7354165657423437,0.45639070589095354,0.7571675561368466,0.0
3.398915994912386,4.0080558359622955,8.254218583926558,0.46607003081589937,0.7354165657423437,0.45639070589095354,0.7571675561368466,0.0
3.001837033778429,9.364317016676068,8.254218583926558,0.46607003081589937,0.7354165657423437,0.45639070589095354,0.7571675561368466,0.0
3.001837033778429,4.0080558359622955,4.295158015564084,0.46607003081589937,0.7354165657423437,0.45639070589095354,0.7571675561368466,0.0
3.001837033778429,4.0080558359622955,8.254218583926558,0.42420438304543495,0.7354165657423437,0.45639070589095354,0.7571675561368466,0.0
3.001837033778429,4.0080558359622955,8.254218583926558,0.46607003081589937,0.6447250395081937,0.45639070589095354,0.7571675561368466,0.0
3.001837033778429,4.0080558359622955,8.254218583926558,0.46607003081589937,0.7354165657423437,0.32534164236858487,0.7571675561368466,0.0
3.001837033778429,4.0080558359622955,8.254218583926558,0.46607003081589937,0.7354165657423437,0.45639070589095354,0.5786766707897186,0.0
3.398915994912386,9.364317016676068,4.295158015564084,0.42420438304543495,0.6447250395081937,0.32534164236858487,0.5786766707897186,0.0
2.6019242629408836,9.081324175931513,5.10484523512423,0.8868173053488135,0.44470113096758723,0.18690932355821133,0.12547129318118097,0.0
2.9943549148738384,9.081324175931513,5.10484523512423,0.8868173053488135,0.44470113096758723,0.18690932355821133,0.12547129318118097,0.0
2.6019242629408836,5.446616396307945,5.10484523512423,0.8868173053488135,0.44470113096758723,0.18690932355821133,0.12547129318118097,0.0
2.6019242629408836,9.081324175931513,11.760661740787327,0.8868173053488135,0.44470113096758723,0.18690932355821133,0.12547129318118097,0.0
2.6019242629408836,9.081324175931513,5.10484523512423,0.9188012843951583,0.44470113096758723,0.18690932355821133,0.12547129318118097,0.0
2.6019242629408836,9.081324175931513,5.10484523512423,0.8868173053488135,0.861625650525093,0.18690932355821133,0.12547129318118097,0.0
2.6019242629408836,9.081324175931513,5.10484523512423,0.8868173053488135,0.44470113096758723,0.24170618876814842,0.12547129318118097,0.0
2.6019242629408836,9.081324175931513,5.10484523512423,0.8868173053488135,0.44470113096758723,0.18690932355821133,0.0987609215080738,0.0
2.9943549148738384,5.446616396307945,11.760661740787327,0.9188012843951583,0.861625650525093,0.24170618876814842,0.0987609215080738,0.0
2.9481059163808823,4.484269917942584,2.7057312596589327,0.7592000495642424,0.37133877696469425,0.10429069865494967,0.6444949515163899,0.0
3.1814236864447594,4.484269917942584,2.7057312596589327,0.7592000495642424,0.37133877696469425,0.10429069865494967,0.6444949515163899,0.0
2.9481059163808823,8.636095307767391,2.7057312596589327,0.7592000495642424,0.37133877696469425,0.10429069865494967,0.6444949515163899,0.0
2.9481059163808823,4.484269917942584,7.3465782180428505,0.7592000495642424,0.37133877696469425,0.10429069865494967,0.6444949515163899,0.0
2.9481059163808823,4.484269917942584,2.7057312596589327,0.3014703905209899,0.37133877696469425,0.10429069865494967,0.6444949515163899,0.0
2.9481059163808823,4.484269917942584,2.7057312596589327,0.7592000495642424,0.9419884124770761,0.10429069865494967,0.6444949515163899,0.0
2.9481059163808823,4.484269917942584,2.7057312596589327,0.7592000495642424,0.37133877696469425,0.30294084222987294,0.6444949515163899,0.0
2.9481059163808823,4.484269917942584,2.7057312596589327,0.7592000495642424,0.37133877696469425,0.10429069865494967,0.26813969612121585,0.0
3.1814236864447594,8.636095307767391,7.3465782180428505,0.3014703905209899,0.9419884124770761,0.30294084222987294,0.26813969612121585,0.0
3.4095573984086514,8.428162887692451,10.664242593571544,0.3361325152218342,0.7860493675805628,0.2567980866879225,0.06348533406853676,0.0
2.7143645584583282,8.428162887692451,10.664242593571544,0.3361325152218342,0.7860493675805628,0.2567980866879225,0.06348533406853676,0.0
3.4095573984086514,3.624087506905198,10.664242593571544,0.3361325152218342,0.7860493675805628,0.2567980866879225,0.06348533406853676,0.0
3.4095573984086514,8.428162887692451,9.31273218523711,0.3361325152218342,0.7860493675805628,0.2567980866879225,0.06348533406853676,0.0
3.4095573984086514,8.428162887692451,10.664242593571544,0.7910622842609882,0.7860493675805628,0.2567980866879225,0.06348533406853676,0.0
3.4095573984086514,8.428162887692451,10.664242593571544,0.3361325152218342,0.5453895130194724,0.2567980866879225,0.06348533406853676,0.0
3.4095573984086514,8.428162887692451,10.664242593571544,0.3361325152218342,0.7860493675805628,0.13727402687072754,0.06348533406853676,0.0
3.4095573984086514,8.428162887692451,10.664242593571544,0.3361325152218342,0.7860493675805628,0.2567980866879225,0.7608558066189289,0.0
2.7143645584583282,3.624087506905198,9.31273218523711,0.7910622842609882,0.5453895130194724,0.13727402687072754,0.7608558066189289,0.0
3.5624987967312336,1.0311563722789288,6.269229830242693,0.6791897704824805,0.9293144037947059,0.42733931401744485,0.5244213126599789,0.0
2.1523833628743887,1.0311563722789288,6.269229830242693,0.6791897704824805,0.9293144037947059,0.42733931401744485,0.5244213126599789,0.0
3.5624987967312336,2.5322153698652983,6.269229830242693,0.6791897704824805,0.9293144037947059,0.42733931401744485,0.5244213126599789,0.0
3.5624987967312336,1.0311563722789288,11.182093447074294,0.6791897704824805,0.9293144037947059,0.42733931401744485,0.5244213126599789,0.0
3.5624987967312336,1.0311563722789288,6.269229830242693,0.5639884574338794,0.9293144037947059,0.42733931401744485,0.5244213126599789,0.0
3.5624987967312336,1.0311563722789288,6.269229830242693,0.6791897704824805,0.3100175466388464,0.42733931401744485,0.5244213126599789,0.0
3.5624987967312336,1.0311563722789288,6.269229830242693,0.6791897704824805,0.9293144037947059,0.42709540529176593,0.5244213126599789,0.0
3.5624987967312336,1.0311563722789288,6.269229830242693,0.6791897704824805,0.9293144037947059,0.42733931401744485,0.14250076785683632,0.0
2.1523833628743887,2.5322153698652983,11.182093447074294,0.5639884574338794,0.3100175466388464,0.42709540529176593,0.14250076785683632,0.0
2.084232024848461,7.212121111340821,10.017059450037777,0.22475108969956636,0.5131271386519074,0.21254471456632018,0.39293409511446953,0.0
3.74834874086082,7.212121111340821,10.017059450037777,0.22475108969956636,0.5131271386519074,0.21254471456632018,0.39293409511446953,0.0
2.084232024848461,7.4694520346820354,10.017059450037777,0.22475108969956636,0.5131271386519074,0.21254471456632018,0.39293409511446953,0.0
2.084232024848461,7.212121111340821,2.1697162175551057,0.22475108969956636,0.5131271386519074,0.21254471456632018,0.39293409511446953,0.0
2.084232024848461,7.212121111340821,10.017059450037777,0.09301251918077469,0.5131271386519074,0.21254471456632018,0.39293409511446953,0.0
2.084232024848461,7.212121111340821,10.017059450037777,0.22475108969956636,0.783632072340697,0.21254471456632018,0.39293409511446953,0.0
2.084232024848461,7.212121111340821,10.017059450037777,0.22475108969956636,0.5131271386519074,0.01562477182596922,0.39293409511446953,0.0
2.084232024848461,7.212121111340821,10.017059450037777,0.22475108969956636,0.5131271386519074,0.21254471456632018,0.4349475115537644,0.0
3.74834874086082,7.4694520346820354,2.1697162175551057,0.09301251918077469,0.783632072340697,0.01562477182596922,0.4349475115537644,0.0
